150118018
781321446
-1427025407
-901415510
-523595615
663067603
-487879711
-478740406
-93572853
2023463552
-157611292
-789800013
-75220958
-245035771
-376462679
-1156314694
974848216
643055585
300582488
1393501584
642546530
-137557997
-1911925550
-939516080
-598384997
1896924932
143739870
1400696415
-1822701762
1367585910
-793621678
1259679618
-67159027
188205218
1647527314
607124172
-389869207
-55547876
-148158505
1146254177
-1019573359
-3862091
797602173
-2063448967
1310312882
-944340948
-1856523347
716513331
1541035953
-1281839212
-374960323
-768248707
508866246
221856546
855226475
785501276
-519937794
-1062776972
1632430509
954180027
295530845
1985203637
1894679983
471018154
-216876579
570880039
-1034151101
-1011555338
325814768
-559552810
1588399091
615468226
-2123376674
-1057673383
855848238
-1961891518
552977618
-1762860125
359186443
-1783267621
1254944489
1154778701
-1757778280
-1277199102
-1356881709
-582758810
-664190902
-155240251
-2051671568
867576429
-371473169
1270189796
-1296286068
15173315
1373476587
338620022
1052768750
561535916
396611552
-2125832711
678446728
1329016180
-63969459
1488646545
-966436230
502138842
1784779610
-946848668
-295577839
-1550705731
-256951833
972730879
-1986797327
-1852921650
1404922516
-1287700417
-1281064200
746222435
134532511
-125236456
-1447628199
-217473144
1442001470
680720837
664135608
815995104
-109324724
-1503196374
-1690240341
-2021460504
-506218999
683074905
-981547724
13769042
1614851744
185457224
1527293257
-1751995743
-447758122
-1106122284
-407007870
-2141982532
-2024239504
864579348
-1529807620
-126177512
1258085928
1377385353
-1700617449
313658027
-1862588012
-247457483
-1527904966
-1084617428
2134925837
-1468381787
-1536108180
426023647
-1876306257
-1618575042
966445128
1395491956
1729852846
-883161986
79747298
-1246226368
1631678993
411746015
1977199503
-2061205460
-831375389
1144719814
-523560085
-875785358
-484658673
-240651134
533494757
-1293378998
-1255649600
-645537745
-2039135651
181266353
-682597800
1244481027
-1352750220
380805621
69169425
-369060083
-885647939
1291919326
-1590637944
1624074485
207561159
-47066662
-466952037
-849851494
-1817956583
576957902
-816159040
-530645353
1249595303
1938179220
-1833133361
1872830911
161199018
1398905418
1451096962
1282896916
1032679466
1202052064
-762812223
-808460997
-287906790
232131300
357708419
182116162
-963909929
1861856147
624633247
-1947916644
1369357815
-1023825391
-679216123
-1945984088
1109376819
-190729871
2066220042
212515459
-242532649
-956622974
-762950827
1109098691
1198933410
1903299071
-198100917
-1508110520
1006919383
-1636646167
-1260640431
-1147354846
1481635245
2144388593
1651028
-2036598851
982398841
295920826
146298363
1207550780
1591931517
1976541630
1825870079
-347304912
-229130895
-646254926
-1067327501
-1893709516
-1774487435
-1122620490
-1542645001
1767314537
1884038440
1533114091
1115309994
222024045
337698860
1057862639
639009454
-1584488863
-1198149856
-1816593181
992466677
122743075
581789473
-1013739396
348176494
10647689
-893548293
697310632
115913009
-48751242
1460990532
-1929800625
1953951389
-780032698
-1717717576
-130139328
-415646159
-1752652146
-1570723929
-1268543153
218374022
-1182672862
364595018
-413888554
-638324806
-1077928961
-1345229550
1370461328
1342133301
603321550
-524250378
844125276
1823820351
36204833
1399992354
-504989407
1176051209
-1116549198
1155053235
711235226
1145553096
-198300257
1731580244
688568833
51835426
1207141034
-1347941089
398516214
-1880307667
179926239
-259258352
-1644246622
-1439447594
267766277
1277247057
992514669
-1242115477
-242873246
995685826
-607079825
-1053205746
-676287959
-1241602393
491553675
1614566699
-235407372
-835211737
-812353799
1537134579
335572647
736745613
-1065489810
2011218961
2121990526
584154204
1074063125
-1856368870
-308459297
-787013501
-696968157
359928673
345910922
-303258948
-775494600
-1736686475
79344634
1059405365
-1666392615
-1524754548
1185022280
163777948
-488802606
1830928496
-2047816253
-1612693816
886122890
1699232790
1715307938
1459550569
1124397999
21366066
642551592
1597319402
-1977537516
1568675089
-1483799590
153879539
1351540229
-1345516515
1198926022
339420883
-1480401147
-698640194
1886808598
-862759623
-170778709
748548554
-72262423
-766388595
602906463
-217069043
-193097551
1100592854
-1520847441
-294666832
1946624156
-1840871745
1185406565
-1881319661
-1735891790
401273829
1911344570
1902274885
-2006770431
858277542
-880744457
1107020786
1511128176
356996307
-809022628
1243359051
901455937
-443540246
-1585566588
589521166
87997254
-13746257
102908457
1183247339
806562078
-1524939733
1008946405
-777876760
337923188
-535468238
1049612962
-570636926
-1837544834
1311362728
1261463743
-1753928045
1240283831
-546195926
-1503050538
1786691835
126626706
1972727550
-366132075
-651296162
1475890031
-1041838721
1875413233
-599259179
2115136884
2080692313
-328917610
-125852623
-1934824999
-56765838
1846240796
-698009305
625930776
-1333405886
1240208589
299234589
-761123060
-2028502655
1176360087
225365928
-2088027133
-630436322
1605274011
-460570174
1094372547
-659126361
-841002613
1009462894
-402965692
102846238
-948318737
-2042436152
887010262
-1733984741
-1103052280
-503974221
454696505
1718479484
513383087
1885681326
-121718620
-1469915384
55731813
-989813171
-679124030
308197579
-1636640325
-610686472
436598591
-1876094697
1086396433
683167820
1139112
-1328928748
-723401241
-646513146
1652047377
-1580917077
-1918762533
-1101766890
1167087523
1055113430
922822792
-2137878799
-2045088931
291193144
168524262
209951818
434865887
-1386105095
1868048525
1169807478
-73162534
-909069685
481385649
1885703356
-1541098653
-1872006949
-392232952
530521640
1735094011
-2683223
-446817730
1925649425
-1258262659
-856282073
-298193691
1082931426
-1693114126
1077247104
877740611
2011871526
23422212
119551246
1269541826
-1757391263
-1784268163
2033286708
-1848411760
-172026240
2017234037
1283944322
-197848855
-1524841544
990546590
1012902074
1364348243
1704813271
-291400412
-1797104439
-622772396
-1467500715
-1935122916
1109120769
1162394464
1372123082
1618375897
-1689560673
1861857834
279224186
191089786
-2130812365
-424443760
1292533660
-1091931236
929779536
-1444388130
-14622200
125412816
183143149
-1941167051
902429427
-124521363
38124353
432738401
-547738952
-215806613
-656718166
-1901996436
-238946632
763944580
-717376038
-1844256415
1994168722
-1558033298
-2016089344
-2114205131
-1151051417
-273710554
-765952833
-1438826475
1997358743
1449634913
1829368098
-692661937
-1486777822
1397086724
425138768
-1537417713
-616153457
-313376412
-2134899021
1873087422
773922253
-1414316100
401428408
-462040431
-1199499919
-416801665
-1899294737
-279211742
316136216
-538235638
-1923237211
2076011746
-936082362
-1228199517
112387532
1769664491
1502772074
449624296
413916113
651375129
-588042816
-370521517
-1910798386
368578463
1667277335
1908925037
-2008924609
-1512321830
215740974
-1712759579
-1465143616
830100939
197188093
-503893604
1573716933
1721697961
1266544274
-1536175393
443788119
30128672
1041580812
-884517073
1034153312
-182248037
1686092070
784182135
313257717
-1158262968
1078186136
78446076
-3042891
87980351
1194907404
1739146065
-1447029543
-2111181675
287748208
-306245211
2061496820
-275337987
-353876776
1208906409
-1725646400
815129659
1725613374
1588283331
-1625522667
124179499
-883009960
1769662638
-819205625
-1215218621
-1926312526
931695394
-654912132
-913329448
1971303871
1175334487
439630893
-878853164
-132183625
749623355
339317755
1537753052
-2130993838
-664505426
-520898450
-1352526775
1949415111
1531134907
1192427835
244722806
-928619413
-1044206936
1152005473
741027796
1739649579
-556281251
-2073226608
854123991
1492673572
-2101586456
25045671
282667767
-1771971024
509794301
-1526520457
-902475392
89172420
1439228592
1559829545
-77945035
1330231893
-696937799
-860230826
-1685564603
-1527480396
1560180459
-1423319778
-835320377
-1646488940
2012583004
-1020339184
-1363048207
-835227092
-78641489
38215986
1988501697
-249180646
-806641358
384541024
-2052728105
1107234956
446821877
-1744101517
-762220972
-2051901675
-500069295
-376236430
-497198280
299863267
-1327691072
-253522691
2029757302
106635839
-317521710
162419067
-1367645729
-1724268392
702160245
1272785482
-1225642239
778660148
-725946969
282266716
-1631282720
-488567669
-1617495858
-1369067974
1089036325
979551917
2051036931
1445214002
1030028352
170870735
181787423
-1749616903
397888517
1213091768
-1991374619
-362676154
1272135474
-1245730284
257746796
711021781
1006697324
-1068657787
-1270233479
123584935
-660749727
465915748
788803208
1351376385
2042096228
1765021268
92341084
-511678918
-678356287
-748473615
-798215974
470460512
363138995
35152483
-1741238576
-1575310754
-481599815
-1691636048
1580888749
-1502370561
-238723172
-239666256
-982017444
523681188
-2131018819
-937790708
-53620091
1085145954
786287384
707781416
690020611
-1121661640
1512041494
-1556740293
1635393289
53792518
436703072
-1705417241
-248003850
-1356178093
1676396418
1589332971
1786391047
-639300192
-529785346
-1052538208
-1671760698
1240988366
1313533275
1253623147
1236780864
-1266862956
-1664328686
-1435500905
32323914
174929578
2056300835
814633110
-1124517060
-1997135082
1852454644
-351096685
-1496805640
-1062459668
896394818
-840463313
-1962189945
733347373
1718599750
-138546083
-1603338926
-876103718
-1570058386
-1971398466
-945494315
-1889287484
-816373434
-1885357157
148122224
-21181862
-868273827
1126277551
1468919323
-1342414558
1341156525
683735904
1834677755
1157522502
-1181745123
-292672064
417356985
-1522041258
-1669573028
-1663329291
2133803582
1636507653
-1753490774
1789662912
963982800
-154504220
-1554582537
212281595
1358223274
934788008
2130325946
7267361
749451739
-1103003607
952380488
368408521
-2109544355
-323499753
-274045462
487186450
-1071041570
-158457668
-1669819284
-776006218
1708565522
-1941787942
1368225466
182743665
1231913307
-1866929863
1501964418
481289333
-1404004981
2014423636
-1253333814
-38011000
1146884827
-1877136124
1564943258
886856787
1373311840
949312083
-1255261248
-1830554418
-1829322416
1025554616
187624371
-349995234
-123014702
525131975
1519011297
-1606227844
1749883435
1130383848
1518041257
-572300186
-990358233
-1383692021
-1264732086
-1615795319
-2035557688
-907391985
-789480114
-69456243
-594029181
-2033844567
-956209945
834926981
451848774
66427655
1286868416
1437547649
2122477378
1738104323
-536788276
-115706995
427775229
532319949
1280257946
-1787355317
-989006278
-1644025390
1203006118
-415088182
591056837
-1222650655
-795820477
-1865086958
-105160494
2048156708
788268774
1034159798
-270451495
1889293435
1528416202
503269315
-1550035828
-432814741
1508960393
-1252200215
374834281
-1294181582
1988943426
290159087